0.022848252187001546
0.022805826822259574
0.022772907022347584
0.02299137283733866
0.02294449517862827
0.022986896192604713
0.02306206067457849
0.02324799727593658
0.023230243132792972
0.023369603537917862
0.023600543763071608
0.023634784835520936
0.023761877324974798
0.02379154775873526
0.023869085953332318
0.02393511500211208
0.024080776411323977
0.024407145338505316
0.024405727149921196
0.024694511157531445
0.024762508722196177
0.024782565960743044
0.02506648955555469
0.025263318741347008
0.025300285151473787
0.025390556848378695
0.0256536249865496
0.025802760762986467
0.02573497797207366
0.025845413563878428
0.02596222272505147
0.02594442718560648
0.02615570562864547
0.026222798805878637
0.026320837422955105
0.026399809877641536
0.026482400856084838
0.026669692821051996
0.026856155885960714
0.027029953143689747
0.027074617317814003
0.027096710280358673
0.02727517606685398
0.027451500447029098
0.027845362878028825
0.02776616737033019
0.027784892134987586
0.02787927813723544
0.0280404339385503
0.028211755210440843
0.028379587504647096
0.02846012620057203
0.028587915121919875
0.02852413949298171
0.028669284665964495
0.028811119595881937
0.02898279590193382
0.02912749983904531
0.029217566015489197
0.029513604116149065
0.02963241685830943
0.02976864624200323
0.029793345710489607
0.029892611606148485
0.030132109177322702
0.030352798217206125
0.03046356157031485
0.03070303819983072
0.030798872098596636
0.031085518596009182
0.03127998332246911
0.031404767846366595
0.031471037480709736
0.0317943080164858
0.031817169976205734
0.031950809412478395
0.032179882420931755
0.03241483467821325
0.03258872154675941
0.03250689079921576
0.03283099315714213
0.03305033511267676
0.03320077755119165
0.0333852906067972
0.03357012460549236
0.033679552562619744
0.033833985117573406
0.03400012552059104
0.03411844832534908
0.034346319867031475
0.034472105694407305
0.03450493442245624
0.034699418142513275
0.034949542874777514
0.03507036991226203
0.03522517405989759
0.03533439260044147
0.03549522843269735
0.03583927017146544
0.03600760798756397
0.036209970154298665
0.03646485351316161
0.036462407235257066
0.03674003031299701
0.036957430538488746
0.037005174110421174
0.03718911979319002
0.03740725151567811
0.03758703906172606
0.03782467769546017
0.0379582786575233
0.03809533596724492
0.03829357019220798
0.03854331018237692
0.03892280760977869
0.03912801491995722
0.03936764495929588
0.039543330862398966
0.03958331238431294
0.03973481213306688
0.040015867694715095
0.04031784592111692
0.040760376279108355
0.040949911436595605
0.041110772593647614
0.04140414087637543
0.04151825440780496
0.04169078591274204
0.0419221673737671
0.04226757519048109
0.04249794512070625
0.04272258628983424
0.04309852850546948
0.04323054569374293
0.04333029324754389
0.043577767642488476
0.0437738258830443
0.04425723289709039
0.044316542108616123
0.04469017587167969
0.04498184690605048
0.04538527529177868
0.045555620584987015
0.04573629985606845
0.045964859550384575
0.04618839275968121
0.04650031827379959
0.04666632913074465
0.04708316699603165
0.04726703475635082
0.04759041146146457
0.047844189295572714
0.04804817906747504
0.048300559654657425
0.04868916767747237
0.048955071218780885
0.049256216161986464
0.049543614124023076
0.04965443445792314
0.05002384092809173
0.05031708940505316
0.050615997486937694
0.050910049052146106
0.05130246699573496
0.05145759306049074
0.05180762167847059
0.052142660452209125
0.05252104017947333
0.052680962858022054
0.05318108959469228
0.05354885482326455
0.053943086898884926
0.05416977401933224
0.05451574287768391
0.0548690028422488
0.05492626415439396
0.05538699330050748
0.055805942377165414
0.05619123626079253
0.056535205434279354
0.05686027062147454
0.05722067217855233
0.05754925459031982
0.05779117214057182
0.058281499155164534
0.05858984218465903
0.05886927501129272
0.059416144503432335
0.05978557727242769
0.060139044218499534
0.060554585162014715
0.060868068638111346
0.061485290900957175
0.061803953784880766
0.06207917539012473
0.06256083742831337
0.06283563386919128
0.06314595174576977
0.06372600840922683
0.06423036146476141
0.06449459843967746
0.06489291754778341
0.06541966015818675
0.06587883085530673
0.06620907837242074
0.06664927495304437
0.06703731755108383
0.06762308300801036
0.0681711062394205
0.06855029928225323
0.06895104713571253
0.06951644804743128
0.07007957898078786
0.07049757009833009
0.07087785843859605
0.0713889327924306
0.0717319201430515
0.07237766445755568
0.07275498346547367
0.07311257104808747
0.07361621257425344
0.07407677321306953
0.07462606171025633
0.07505262721935488
0.07550248082657005
0.07619466253794392
0.07675045755967871
0.07706339460459699
0.07758769921635607
0.07833514401605622
0.07889580334671212
0.07947684962528007
0.0800723773041052
0.08054734142072877
0.08106831387373353
0.08169497400628117
0.08239462312341068
0.08296632455220113
0.08362017280147171
0.08424248047818958
0.08484213171564854
0.08546395237705595
0.08604055805002292
0.08684882375677257
0.0875894936864886
0.08839922190021561
0.08885257227736003
0.08954734929332346
0.09027251119450785
0.09086612879928527
0.09148246420725072
0.09225207112566963
0.09293871401191742
0.0937428839199059
0.09439176169091772
0.09504273070567273
0.09583583952192956
0.09642898228677924
0.09712768123703801
0.09787630071766704
0.09873927821141146
0.09950258461275868
0.10038469255491413
0.10112265467950389
0.10171788820108149
0.10238594317397412
0.10333283097063793
0.10411066260362029
0.10483580551120755
0.10582132384931407
0.1066390225556124
0.1076094424450634
0.10840394509913881
0.10936574238251773
0.1101706286900279
0.11117974584201913
0.11202579176147934
0.11279157414866507
0.11383369973735476
0.11469885711162892
0.11559891400305214
0.11657774026377733
0.11762140335980224
0.11859744145787493
0.11953834870652603
0.12052235047895572
0.1214203833347486
0.12240214337570414
0.12367873371934954
0.12476331584176109
0.12578780611904294
0.12677959867539443
0.12789909833452154
0.1289013738954311
0.13000070722458185
0.13118471011352104
0.13241844749298184
0.13337684005232517
0.13453609038810913
0.135727579676401
0.1367758104890229
0.13797585176616686
0.13923326929106924
0.140538168373667
0.14170468789997517
0.14277661054640609
0.1442388769382185
0.14557512714441317
0.1468718799219125
0.1480490236872189
0.14945223703755883
0.15080739950930547
0.15237152223121317
0.15381405524966016
0.15509217482138052
0.1565345875470458
0.15802180275918354
0.15936278139702773
0.16099265264689638
0.16240782368415457
0.1637944565982492
0.1653907500905214
0.1667702058599855
0.16837106122467096
0.16978588891613525
0.17126041299629718
0.17291400530089346
0.17443855948987047
0.1759323815517102
0.17752766059109068
0.17912117127787874
0.18078802013922635
0.1825032554327162
0.18443936093578497
0.18602612012932387
0.18797017080016784
0.189844903120825
0.19165044274124554
0.19356874978277747
0.19545330909836955
0.19738634104781386
0.1992247980330699
0.20119881232089118
0.2030182245724308
0.2049723321094362
0.20681888182810648
0.20882685618054297
0.2109216965318182
0.2128747404273855
0.2149160300361661
0.21686305198741931
0.21914344468497263
0.22126115819731995
0.2233409171454755
0.2256825807522252
0.22787091538071474
0.23003564340307467
0.23230801690652564
0.23459821906646267
0.23678041097084118
0.23900661883196567
0.24132812633606046
0.24373134088581003
0.24614530629853848
0.24862401503962706
0.25121048224935866
0.25366227803737473
0.25626700345109626
0.2589927672669471
0.26162354069454974
0.2642667768439476
0.2669078019438359
0.26954972753503326
0.27236703123565753
0.2750811753532156
0.27790926741699756
0.2806307089719679
0.2834677212081767
0.2864048667143123
0.2892505673036601
0.29215994270977674
0.29514982515582316
0.29825008864795965
0.30114517648591266
0.30419905079569515
0.30738432329729143
0.310414778988854
0.313386272223792
0.31643821941399086
0.31957864316266027
0.32303390818611183
0.3264917753323673
0.3297391929356423
0.3330622352503594
0.33645835129032237
0.3396627527792838
0.3430367062135127
0.34652255628547785
0.34987243655290967
0.3532937322584552
0.3568448706289128
0.3604093649072452
0.36383720220244103
0.36735463813938274
0.37078042558713686
0.3741829819175657
0.377677785766014
0.3809526822341523
0.3843793935499503
0.38808756903324204
0.39182267354111167
0.39555541212860285
0.3991956932944758
0.4031041416488203
0.4070370016456027
0.41066701019753155
0.4144851829588487
0.41778865845943663
0.42161454067311865
0.42545500850833434
0.4295707544425699
0.4334672324475981
0.4373207737218084
0.4417194711682959
0.4456330833459774
0.44951687995933604
0.4532575607925106
0.45727359472506296
0.46093127499991804
0.4645488519990316
0.46842055894432283
0.4722324302145376
0.4759624420033054
0.48006514712857234
0.4838016907666842
0.4878407946144941
0.49152930441954873
0.4950562098821874
0.4985673832892516
0.5019640618318982
0.5060119037084088
0.5093846079483664
0.5128568327929901
0.5164994048788835
0.5197864445867733
0.5226822010967477
0.5260903629734001
0.5291806762557281
0.5322535407535122
0.5353440069586476
0.5384403626399328
0.5414001134487197
0.544434475977103
0.5472942444907094
0.5499543664349522
0.5522802789925303
0.5551464025689231
0.5574955014384181
0.5598771694568011
0.5622575278910147
0.5644791943343689
0.5667690619147876
0.5690895135696894
0.57108371464213
0.5731453220426487
0.5748117506097833
0.5765915777698718
0.5782908267857949
0.5797192996722283
0.5813377879132452
0.5825884115745663
0.5836280251382846
0.5846431608254828
0.5858432439859432
0.5867110312428941
0.5873158063684346
0.5879312515124124
0.588429717526874
0.5887429565212847
0.5887997868248802
0.58924200890218
0.5891318737988218
0.5890017696066879
0.5887453935458984
0.5883267736915903
0.5880543908985911
0.5873997955678343
0.5867092687344854
0.5857232546147928
0.5847871546942716
0.5833780075493887
0.5825351647296253
0.581165112251776
0.5795466551797392
0.5779389387433598
0.5766200257952029
0.5747998050982478
0.5731848866794568
0.5716104621226864
0.5697438916916177
0.5674756850911633
0.5649501094057011
0.5626349223863057
0.56025190143939
0.557887204443531
0.555425493510809
0.5527488149940709
0.5499672548081288
0.5472004029715787
0.5443051329898994
0.5413877476429714
0.5386653101416911
0.5352855505109305
0.5323092012463317
0.5293497694325733
0.526356485184583
0.5230328379968503
0.5199409701616513
0.516748552658435
0.5133433820298194
0.5097920780741562
0.5064362625511356
0.5026614107757164
0.4990835459790501
0.49546562758220397
0.49180770720880074
0.4880001572254358
0.4840068566805614
0.48018528796148435
0.4761591898575409
0.4723216158673002
0.4684173767862841
0.46479899280280107
0.46077176287527605
0.45702006185965593
0.4533369364958741
0.449795334372211
0.4461385662770323
0.4419573981150938
0.43791444295020865
0.43380928083270043
0.4294950303800044
0.42551856887650524
0.4217483393633978
0.41779503933403456
0.4139798909377955
0.4100724770039705
0.4062715479937516
0.4021863257441004
0.3984407504070555
0.3947269688905248
0.3909634728511
0.38755900595960824
0.3837833092126253
0.3800940606053448
0.376808526748795
0.3733468827988068
0.3697790524655976
0.36628998955362924
0.36308378172488126
0.3593837764104381
0.3560647919072879
0.35255966333425737
0.3488718621364796
0.3452917015496397
0.3419481105979274
0.3383987191513885
0.3350501645396318
0.33170980396047395
0.32835641182563824
0.32509714416582863
0.321752197363492
0.3186655698130338
0.3156429657823067
0.31259920191036983
0.30951915052764906
0.3066786994763329
0.30354193126458406
0.30062723570321565
0.2975659305138259
0.2945349215728706
0.29167275207378357
0.28856496760420736
0.28564578760586
0.28270647829069995
0.27995259664589855
0.27711044883324065
0.2744458526793404
0.27159806522938723
0.2689280476210506
0.26610186904042354
0.26337236299892697
0.260842223005975
0.2582016970967799
0.25557887711621274
0.25313158573280337
0.25048573772029536
0.24787811943562954
0.24527421415569084
0.24290144829016785
0.24052984687825224
0.2381112251121403
0.23578937718434342
0.23335778035632962
0.23086974381099942
0.2287254188080568
0.22654114053008825
0.2242180054208258
0.22195989659581883
0.2197427842326329
0.21753665942186673
0.2155162992960541
0.21347153434601787
0.2114432670396242
0.20933787647567806
0.20743625165659138
0.20545428635681112
0.20351585194652763
0.20157293358628056
0.1995859583600014
0.1976318133228171
0.19552508687587425
0.19370604475597059
0.1918534239044399
0.18997600910345255
0.18816638245054643
0.1863666524357646
0.18445866135253935
0.1826999901375383
0.18105779301717664
0.17936508169478127
0.17758547028247545
0.17608483438942676
0.17469969612532
0.1731041774744068
0.17160355180867964
0.1699983956117873
0.16858366094024727
0.16706534931351996
0.16562507799417484
0.16392599943361025
0.16256282263791436
0.16110359522163936
0.15951985601004073
0.15803070052890608
0.1566851980058428
0.15533667014367086
0.15397669936976388
0.15263904412439844
0.15130691601579166
0.14980152149614423
0.14845795631998615
0.1469943900843101
0.14575367523649596
0.14447324185503554
0.14325235437454173
0.14195796069920638
0.14063085469248127
0.13941166202526795
0.13815318816415714
0.1369148504380735
0.13564210605433497
0.13444103960996243
0.13331391962227218
0.13219747695824896
0.13117053066275636
0.13002507406161118
0.12902438422255252
0.12797269462719557
0.12692510910986005
0.12603621947950616
0.12488717211447681
0.12386047711888439
0.12288634714679816
0.12185544969609162
0.1206601402597043
0.11973800160708852
0.11870030250055578
0.11775902999042182
0.11678668785154037
0.11578008321153592
0.11472666714690331
0.11360915158815109
0.11275646716299369
0.11170267755761795
0.11082366362372999
0.10988840039551205
0.10909868510193867
0.10818562246664902
0.10725260632707363
0.10641468869314535
0.10577931049952477
0.10493673456415173
0.10409847991562857
0.1031889140502682
0.10237538565607351
0.10161413105022934
0.10083413950434503
0.0999720074691796
0.09929995848372569
0.0983500555752747
0.09749809436785337
0.09696120528047145
0.09614584911781651
0.09541834175089686
0.0947118038022006
0.09407488177004579
0.09332794151820728
0.0928514710632284
0.09209755529109788
0.09142694543588645
0.09067211943214064
0.0899439541075365
0.08933847232278047
0.08865746566472087
0.08795002235456244
0.08721916773141382
0.0864253707625233
0.08572210312163692
0.08511161725456567
0.08457524391639755
0.08399132570854367
0.08323223929486179
0.08262818982213387
0.08197187922345348
0.08127553791431276
0.08067576589705679
0.08012851068879129
0.07935661138930593
0.07879676245212669
0.07827065929282598
0.0779054299529754
0.07717977616632743
0.07655461945004324
0.076002349932141
0.0753798411180999
0.07493384856826624
0.07434709544429005
0.07395035183071354
0.07346517841213633
0.0729321494081053
0.07234939516684348
0.07185592252036035
0.07138854902436595
0.07099958061022126
0.07069594507071786
0.0701074080096594
0.06955662486248475
0.06909870335963615
0.06854237262105982
0.06802458622221623
0.06769529861227917
0.06728158982036202
0.06680131674983888
0.066457512187527
0.06590005303447627
0.0656549041376392
0.0651789854710071
0.06463744392636415
0.06429810285937283
0.06389410076960887
0.06343456919414384
0.06314149555567887
0.0627730007781715
0.06224687521616653
0.0618219416953734
0.06144782870924432
0.061066351564605444
0.060684953803462185
0.06042967011801402
0.059888655036921715
0.05955479727531109
0.059242260556978045
0.058743316293481666
0.05861894281050622
0.05808341736599366
0.05775626824028492
0.05748742020440923
0.05706915392321659
0.056747684857073995
0.05625856466642066
0.05592492313960789
0.05563974255827989
0.05530396303425412
0.054953788798696446
0.05461262824250515
0.05424244839202352
0.05390665474455374
0.053469403145512594
0.05286845936941961
0.052784599716092506
0.052406353431023366
0.05211425090108749
0.05190373463700941
0.05156086076095585
0.0513125331151873
0.05088797946633634
0.05057752425144028
0.05013924992024714
0.04996133446105268
0.04956611179629077
0.04917910654086263
0.04892572757229375
0.04868262316573011
0.04838529544852809
0.04819400216577002
0.04794833264956607
0.04757716659308071
0.047326595267776765
0.04703939600798682
0.046849099645569305
0.046517290757369885
0.046181923735312075
0.04582749347295611
0.045568553763572155
0.04538797773973654
0.04509405182447823
0.04496242522248378
0.04463224783557448
0.044356629799867785
0.04409430923019847
0.043898695634621114
0.043643277532947264
0.0432210279535302
0.04310666799235357
0.04289218304051036
0.042628389736542156
0.04236337597220589
0.04206843560405584
0.0417960630383782
0.041582759098662915
0.04132088560904863
0.04113305890127056
0.04101001984024584
0.04063782179831757
0.040380794111042576
0.040239866003633246
0.04007341537186283
0.03972721372019276
0.03964534693351614
0.03946681393890798
0.039182626868813374
0.03905253387803164
0.03887965610520879
0.0386269355813397
0.03844403600745777
0.038328533021347436
0.03802001369231055
0.037768073366968836
0.03755189408886048
0.03737316872320468
0.03718259768415205
0.03688082595224188
0.03680684248239603
0.03655463381161825
0.03626308112196791
0.036070224520063185
0.03588346778492225
0.035729302114358735
0.03553024288545971
0.03526411288203183
0.03503867836496307
0.034915042710182996
0.034693381100724556
0.03463641540687285
0.03432249118192024
0.034283673626598316
0.03400142974759252
0.033889864767282736
0.03365776106255225
0.03343718988037396
0.033336531120927104
0.033204379516427976
0.03300709789341221
0.032893977873216074
0.03255935549756799
0.032571060910555415
0.03228579071841029
0.03218416669461806
0.03201945470750606
0.031876709058958015
0.03178885588008496
0.031537691370132855
0.031376580374226554
0.031198901117457677
0.031058464895511936
0.030788158248781353
0.03077478480835553
0.030644361134177983
0.03054390302503904
0.030380505979265345
0.030265537248950612
0.029983438013492028
0.029859526221030927
0.02966994918022699
0.02956943068118955
0.029301891742468434
0.02923050893438055
0.029119623827444204
0.02889666724427518
0.0288960501958768
0.028637618930476994
0.028491629759961144
0.028252758003460898
0.02815093771249854
0.027920927686587813
0.02779013339375899
0.027727620108505588
0.02765067315049545
0.027544412253932126
0.027313692159698717
0.02711849155310465
0.027035030278301515
0.026910547216881214
0.026787287050905537
0.026695865023837268
0.02659269472643426
0.026501707117022946
0.02634011494998989
0.026267116712117136
0.025986900277848876
0.025769992911851346
0.025791443501201494
0.02584183205328515
0.025614873665309897
0.02556769600516825
0.025341201742783887
0.02521016929946823
0.025126052015041877
0.02502995902413079
0.024934128534472043
0.024863324787588317
0.024761585341167507
0.0244898838825877
0.02446334544428895
0.024382663565862727
0.02429155322859317
0.024223951607375865
0.02406642699221595
0.023868333027662312
0.0238194191579388
0.02355979957518142
0.02345839178618704
0.02337383472693532
0.023164987951341566
0.02314353736199141
0.02306334785604409
0.0231093435300272
0.02295108206070253
0.022565093206227356
0.022646484665960948
0.02245457189972794
0.022396078925862567
0.02227283385736151
0.02211406978823642
0.022033918269483317
0.021978504206410805
0.021995431884572522
0.021938998011439864
0.021787204592453698
0.02178556188981144
0.021604169628315458
0.02148154404328934
0.02136075012284593
0.02140515325676377
0.021274360911996183
0.021050265687031253
0.020987818635860078
0.020726552941353272
0.020651434725833993
0.02076520734654619
0.0207673964803668
0.02070205168809826
0.020652726777452703
0.020430991628682366
0.020168750442508664
0.020188424887021494
0.020009476468353504
0.020163476553711458
0.020090912246480346
0.019864694121777028
0.019793981446756363
0.019652409018091267
0.019663222706045203
0.019632118986225994
0.019375102500303137
0.019296260565719918
0.019284196709463984
0.019145517638758457
0.01908848278873267
0.018986869479277267
0.018853004067900542
0.01873412898778044
0.018614135720507467
0.018656020985270114
0.018460006089076924
0.01843169637609395
0.018549322261942666
0.01839611260243362
